146367126670934256
11334040741216272
2305854073117605908
144133607313645574
9513854771174375428
409430650814466
2449968642658435585
1351080027799683137
1170936042942367748
9260528108306960392
4755943082431611920
1152943804548923404
288593490940659720
18031999286513828
144678159504179201
9300637467810005121
18172870060417056
18577490213634305
5013704990511907330
36310345063634952
2270491511881986
9805040488678949892
73185692976414977
4657008437480292865
4683948121628098689
4936009238204907785
11533894567556482115
653058917048255497
4756337785500114962
155937155353417730
13661476837392900
4575153826612354
18014708838703240
18052881417502784
4616189686774891656
1445673081162238020
72067524141810705
1445659879036424514
9817848836954079234
292769228871270401
9511743292766193736
2332873403071074308
9372008425334833186
1153220640505889345
10394379511440605442
432486321043312706
7320548417995269
4755871851204333977
2314859074355200128
4657566577075699976
4972273090140865538
36385049524830756
38281146588465156
9260533330850359314
1747431908512400146
5800671641864241473
4576861040935553
648659259935952960
2287332146299168
40536940721751050
2254639057602312
9225698607758328385
162692541119987901
4611835702399729729
------------------------------------------
72130161809756196
180284726895391748
18577391421229058
222651306217666
36310557889141792
288265579045978704
4920747269499789444
614196541695070362
1234278802352791560
288406899450193921
1369552027173111816
1333083101216637956
513410976532563013
10486643345923836417
3539839477948613298
5843710839659431426
2604207171759800355
5195184057484312584
153897560208179344
216736299543990276
361449056347656261
148626562680365126
1261607747976308241
288446979942406145
4612813017846984960
2308114694801560576
14169451427128738049
4632515203345434626
38316605906636816
11302983837975296
5476713089564019328
18577900366471296
650773444891772992
589338249429536
4648735867142198
36421475763201
83335285890894468
36389987125700610
153931964481921
600471106617474
720593532602559491
1152965485088758786
596728054433190220
324330642634440836
149186419179389450
2314851307984407056
2594144862702928193
297382985821848084
184793418189512968
9516152744036141641
73218991983755794
4657287713569398977
3477904820827983876
1153203563817079074
360400945011558417
63894898112766214
10667903833587327188
7030686366359913066
144401301620064418
613619984781826050
761147919444239364
5768275640994299912
2889354929653159136
9390569685051253828
